model:
1
./teapot.obj
background:
save.png
depth:
mask.png
elevation:
-20
fov:
45
SG:
0.11 0.08 0.06 0.13 0.11 0.08 0.16 0.12 0.09 0.11 0.08 0.06 0.18 0.12 0.09 0.16 0.1 0.06 0.15 0.11 0.09 0.18 0.13 0.1 0.17 0.11 0.06 0.15 0.12 0.1 0.14 0.08 0.06 0.16 0.12 0.07 0.14 0.1 0.07 0.16 0.1 0.06 0.16 0.13 0.1 0.19 0.13 0.09 0.12 0.08 0.05 0.14 0.08 0.04 0.24 0.2 0.15 0.12 0.09 0.07 0.19 0.18 0.15 0.03 0.0 0.0 0.2 0.1 0.07 0.34 0.23 0.14 0.07 0.0 0.0 0.21 0.18 0.17 0.05 0.0 0.0 0.2 0.15 0.12 0.2 0.15 0.11 0.05 0.0 0.0 0.08 0.05 0.05 0.0 0.0 0.01 0.18 0.15 0.11 0.1 0.03 0.0 0.38 0.32 0.26 0.0 0.0 0.0 0.09 0.04 0.02 0.07 0.0 0.0 0.21 0.13 0.07 0.24 0.16 0.11 0.12 0.1 0.08 0.19 0.14 0.13 0.18 0.08 0.03 0.41 0.22 0.06 0.39 0.31 0.2 0.12 0.1 0.07 0.0 0.0 0.0 0.13 0.09 0.07 0.18 0.15 0.13 0.0 0.0 0.0 0.13 0.0 0.0 0.04 0.0 0.0 0.02 0.0 0.0 0.15 0.12 0.1 0.63 0.68 0.63 0.29 0.21 0.12 0.15 0.0 0.0 0.25 0.16 0.07 0.07 0.0 0.0 0.32 0.21 0.11 0.17 0.14 0.12 0.16 0.2 0.2 0.04 0.11 0.13 0.03 0.0 0.0 0.19 0.15 0.1 0.23 0.3 0.26 0.17 0.19 0.21 0.0 0.0 0.0 0.14 0.11 0.09 0.1 0.02 0.0 0.0 0.0 0.0 0.13 0.01 0.0 0.12 0.08 0.05 0.08 0.03 0.02 0.11 0.1 0.09 0.15 0.1 0.0 0.37 0.29 0.19 0.24 0.13 0.05 0.17 0.16 0.18 0.09 0.08 0.06 0.0 0.0 0.0 0.33 0.25 0.21 0.23 0.29 0.34 0.0 0.0 0.0 0.11 0.0 0.0 0.0 0.0 0.0 0.12 0.06 0.05 0.16 0.14 0.14 0.19 0.16 0.2 0.08 0.03 0.0 0.04 0.0 0.0 0.14 0.06 0.01 0.09 0.0 0.0 0.12 0.09 0.14 0.05 0.09 0.13 0.16 0.22 0.28 0.16 0.1 0.07 0.2 0.05 0.0 0.05 0.0 0.0 0.3 0.22 0.12 0.14 0.19 0.21 0.2 0.15 0.13 0.36 0.22 0.14 0.22 0.19 0.16 0.14 0.08 0.06 0.16 0.0 0.0 0.15 0.14 0.12 0.2 0.09 0.01 0.21 0.31 0.4 0.26 0.23 0.22 0.3 0.2 0.09 0.1 0.0 0.0 0.07 0.04 0.04 0.11 0.03 0.0 0.02 0.0 0.0 0.01 0.0 0.0 0.16 0.07 0.0 0.22 0.15 0.09 0.21 0.09 0.03 0.04 0.0 0.0 0.09 0.02 0.01 0.18 0.1 0.03 0.04 0.0 0.0 0.26 0.16 0.08 0.12 0.07 0.02 0.16 0.1 0.05 0.15 0.12 0.08 0.12 0.06 0.02 
alpha:
45.4 45.4 45.4 45.4 45.4 45.4 45.4 45.4 45.4 45.4 45.4 45.4 45.4 45.4 45.4 45.4 45.4 45.4 45.4 45.4 45.4 45.4 45.4 45.4 45.4 45.4 45.4 45.4 45.4 45.4 45.4 45.4 45.4 45.4 45.4 45.4 45.4 45.4 45.4 45.4 45.4 45.4 45.4 45.4 45.4 45.4 45.4 45.4 45.4 45.4 45.4 45.4 45.4 45.4 45.4 45.4 45.4 45.4 45.4 45.4 45.4 45.4 45.4 45.4 45.4 45.4 45.4 45.4 45.4 45.4 45.4 45.4 45.4 45.4 45.4 45.4 45.4 45.4 45.4 45.4 45.4 45.4 45.4 45.4 45.4 45.4 45.4 45.4 45.4 45.4 45.4 45.4 45.4 45.4 45.4 45.4 45.4 45.4 45.4 45.4 45.4 45.4 45.4 45.4 45.4 45.4 45.4 45.4 45.4 45.4 45.4 45.4 45.4 45.4 45.4 45.4 45.4 45.4 45.4 45.4 45.4 45.4 45.4 45.4 45.4 45.4 45.4 45.4 
center:
-0.0 0.9900000095367432 0.11999999731779099 -0.15000000596046448 0.9800000190734863 -0.1599999964237213 0.2800000011920929 0.9599999785423279 0.019999999552965164 -0.25999999046325684 0.949999988079071 0.20000000298023224 0.05999999865889549 0.9300000071525574 -0.36000001430511475 0.2199999988079071 0.9100000262260437 0.3400000035762787 -0.41999998688697815 0.8999999761581421 -0.10999999940395355 0.41999998688697815 0.8799999952316284 -0.2199999988079071 -0.17000000178813934 0.8700000047683716 0.4699999988079071 -0.20000000298023224 0.8500000238418579 -0.47999998927116394 0.5 0.8399999737739563 0.23000000417232513 -0.550000011920929 0.8199999928474426 0.17000000178813934 0.30000001192092896 0.800000011920929 -0.5099999904632568 0.12999999523162842 0.7900000214576721 0.6000000238418579 -0.5199999809265137 0.7699999809265137 -0.36000001430511475 0.6499999761581421 0.7599999904632568 -0.07999999821186066 -0.4300000071525574 0.7400000095367432 0.5099999904632568 -0.029999999329447746 0.7300000190734863 -0.6899999976158142 0.5 0.7099999785423279 0.5 -0.7200000286102295 0.699999988079071 -0.029999999329447746 0.5600000023841858 0.6800000071525574 -0.4699999988079071 -0.10000000149011612 0.6600000262260437 0.7400000095367432 -0.4300000071525574 0.6499999761581421 -0.6200000047683716 0.7599999904632568 0.6299999952316284 0.17000000178813934 -0.6800000071525574 0.6200000047683716 0.38999998569488525 0.23999999463558197 0.6000000238418579 -0.7599999904632568 0.3400000035762787 0.5899999737739563 0.7400000095367432 -0.7599999904632568 0.5699999928474426 -0.3199999928474426 0.7799999713897705 0.550000011920929 -0.2800000011920929 -0.38999998569488525 0.5400000214576721 0.75 -0.2199999988079071 0.5199999809265137 -0.8199999928474426 0.7200000286102295 0.5099999904632568 0.4699999988079071 -0.8600000143051147 0.49000000953674316 0.15000000596046448 0.5400000214576721 0.47999998927116394 -0.699999988079071 0.07000000029802322 0.46000000834465027 0.8799999952316284 -0.6600000262260437 0.44999998807907104 -0.6100000143051147 0.8999999761581421 0.4300000071525574 0.0 -0.6700000166893005 0.4099999964237213 0.6100000143051147 0.07999999821186066 0.4000000059604645 -0.9100000262260437 0.5600000023841858 0.3799999952316284 0.7400000095367432 -0.9200000166893005 0.3700000047683716 -0.17000000178813934 0.7900000214576721 0.3499999940395355 -0.5 -0.25 0.3400000035762787 0.9100000262260437 -0.4300000071525574 0.3199999928474426 -0.8399999737739563 0.8899999856948853 0.30000001192092896 0.33000001311302185 -0.8899999856948853 0.28999999165534973 0.36000001430511475 0.4099999964237213 0.27000001072883606 -0.8700000047683716 0.2800000011920929 0.25999999046325684 0.9200000166893005 -0.8399999737739563 0.23999999463558197 -0.49000000953674316 0.949999988079071 0.23000000417232513 -0.20000000298023224 -0.5699999928474426 0.20999999344348907 0.800000011920929 -0.11999999731779099 0.20000000298023224 -0.9700000286102295 0.75 0.18000000715255737 0.6399999856948853 -0.9900000095367432 0.1599999964237213 0.03999999910593033 0.699999988079071 0.15000000596046448 -0.6899999976158142 -0.05000000074505806 0.12999999523162842 0.9900000095367432 -0.6299999952316284 0.11999999731779099 -0.7699999809265137 0.9900000095367432 0.10000000149011612 0.14000000059604645 -0.8199999928474426 0.09000000357627869 0.5699999928474426 0.2199999988079071 0.07000000029802322 -0.9700000286102295 0.49000000953674316 0.05000000074505806 0.8700000047683716 -0.949999988079071 0.03999999910593033 -0.3100000023841858 0.9100000262260437 0.019999999552965164 -0.4099999964237213 -0.38999998569488525 0.009999999776482582 0.9200000166893005 -0.33000001311302185 -0.009999999776482582 -0.9399999976158142 0.8799999952316284 -0.019999999552965164 0.4699999988079071 -0.9700000286102295 -0.03999999910593033 0.25 0.5400000214576721 -0.05000000074505806 -0.8399999737739563 0.1599999964237213 -0.07000000029802322 0.9800000190734863 -0.7799999713897705 -0.09000000357627869 -0.6100000143051147 0.9900000095367432 -0.10000000149011612 -0.07999999821186066 -0.6800000071525574 -0.11999999731779099 0.7300000190734863 0.009999999776482582 -0.12999999523162842 -0.9900000095367432 0.6600000262260437 -0.15000000596046448 0.7400000095367432 -0.9800000190734863 -0.1599999964237213 -0.10000000149011612 0.7900000214576721 -0.18000000715255737 -0.5899999737739563 -0.18000000715255737 -0.20000000298023224 0.9599999785423279 -0.5199999809265137 -0.20999999344348907 -0.8299999833106995 0.9399999976158142 -0.23000000417232513 0.25999999046325684 -0.8700000047683716 -0.23999999463558197 0.4399999976158142 0.3400000035762787 -0.25999999046325684 -0.8999999761581421 0.36000001430511475 -0.27000001072883606 0.8899999856948853 -0.8600000143051147 -0.28999999165534973 -0.4099999964237213 0.9100000262260437 -0.30000001192092896 -0.2800000011920929 -0.47999998927116394 -0.3199999928474426 0.8100000023841858 -0.1899999976158142 -0.3400000035762787 -0.9200000166893005 0.7599999904632568 -0.3499999940395355 0.550000011920929 -0.9200000166893005 -0.3700000047683716 0.10999999940395355 0.6000000238418579 -0.3799999952316284 -0.699999988079071 0.029999999329447746 -0.4000000059604645 0.9200000166893005 -0.6399999856948853 -0.4099999964237213 -0.6499999761581421 0.8999999761581421 -0.4300000071525574 0.05000000074505806 -0.6899999976158142 -0.44999998807907104 0.5699999928474426 0.12999999523162842 -0.46000000834465027 -0.8799999952316284 0.5 -0.47999998927116394 0.7300000190734863 -0.8500000238418579 -0.49000000953674316 -0.20000000298023224 0.75 -0.5099999904632568 -0.41999998688697815 -0.27000001072883606 -0.5199999809265137 0.8100000023841858 -0.3499999940395355 -0.5400000214576721 -0.7699999809265137 0.7599999904632568 -0.550000011920929 0.33000001311302185 -0.7799999713897705 -0.5699999928474426 0.27000001072883606 0.3799999952316284 -0.5899999737739563 -0.7099999785423279 0.20000000298023224 -0.6000000238418579 0.7699999809265137 -0.6600000262260437 -0.6200000047683716 -0.4300000071525574 0.7599999904632568 -0.6299999952316284 -0.11999999731779099 -0.4699999988079071 -0.6499999761581421 0.6000000238418579 -0.05000000074505806 -0.6600000262260437 -0.75 0.5299999713897705 -0.6800000071525574 0.5 -0.7200000286102295 -0.699999988079071 -0.009999999776482582 0.5299999713897705 -0.7099999785423279 -0.4699999988079071 -0.07000000029802322 -0.7300000190734863 0.6800000071525574 -0.4000000059604645 -0.7400000095367432 -0.5400000214576721 0.6399999856948853 -0.7599999904632568 0.11999999731779099 -0.5400000214576721 -0.7699999809265137 0.33000001311302185 0.17000000178813934 -0.7900000214576721 -0.5899999737739563 0.27000001072883606 -0.800000011920929 0.5299999713897705 -0.5299999713897705 -0.8199999928474426 -0.20000000298023224 0.5099999904632568 -0.8399999737739563 -0.20000000298023224 -0.23000000417232513 -0.8500000238418579 0.4699999988079071 -0.14000000059604645 -0.8700000047683716 -0.47999998927116394 0.4000000059604645 -0.8799999952316284 0.23999999463558197 -0.4300000071525574 -0.8999999761581421 0.09000000357627869 0.23999999463558197 -0.9100000262260437 -0.33000001311302185 0.03999999910593033 -0.9300000071525574 0.3700000047683716 -0.25 -0.949999988079071 -0.20999999344348907 0.2800000011920929 -0.9599999785423279 -0.009999999776482582 -0.15000000596046448 -0.9800000190734863 0.15000000596046448 0.009999999776482582 -0.9900000095367432 -0.11999999731779099 
SH:
0.0 0.0 0.0
0.0 0.0 0.0
0.0 0.0 0.0
0.0 0.0 0.0
0.0 0.0 0.0
0.0 0.0 0.0
0.0 0.0 0.0
0.0 0.0 0.0
0.0 0.0 0.0
0.0 0.0 0.0
0.0 0.0 0.0
0.0 0.0 0.0
0.0 0.0 0.0
0.0 0.0 0.0
0.0 0.0 0.0
0.0 0.0 0.0
objRotMat:
-0.34904227 0.02939312 0.93664604 0.00000000 0.93182892 -0.09504716 0.35022992 0.00000000 0.09931970 0.99503869 0.00578615 0.00000000 0.00000000 0.00000000 0.00000000 1.00000000
objMat:
0.52955294 0.00000000 0.00000000 0.00000000 0.00000000 0.52955294 0.00000000 0.00000000 0.00000000 0.00000000 0.52955294 0.00000000 1.24790597 -6.66654205 -6.01967096 1.00000000
sfMat:
1.00000000 0.00000000 0.00000000 0.00000000 0.00000000 1.00000000 0.00000000 0.00000000 0.00000000 0.00000000 1.00000000 0.00000000 0.00000000 -7.19999504 0.00000000 1.00000000
sfY:
-1.39999998
save_path:
./get_test_sample/draw/pano_aadmuaxyxouqic.jpg
